1	Liam	20,802	1.5082744099443732	Olivia	15,270	1.311492868811205
2	Noah	18,995	1.3772556685363604	Emma	13,527	1.1617920128624213
3	Oliver	14,741	1.0688142042587254	Charlotte	12,596	1.0818313147050387
4	James	11,670	0.8461475994640341	Amelia	12,311	1.0573535499629827
5	Elijah	11,452	0.8303412432786733	Sophia	11,944	1.0258330599267214
6	Mateo	11,229	0.8141723559881439	Mia	11,359	0.9755892270351328
7	Theodore	11,041	0.8005411864337961	Isabella	10,808	0.9282655485338248
8	Henry	10,941	0.7932905643304196	Ava	9,682	0.8315569060792461
9	Lucas	10,842	0.7861124484480768	Evelyn	9,082	0.7800247697801811
10	William	10,598	0.7684209305158383	Luna	7,811	0.670862527719995
11	Benjamin	10,172	0.7375332803554545	Harper	7,769	0.6672552781790605
12	Levi	9,347	0.6777156480025986	Sofia	7,641	0.6562617557685932
13	Sebastian	8,865	0.6427676494643241	Camila	7,565	0.6497343518373783
14	Jack	8,683	0.6295715172361789	Eleanor	6,739	0.5787917775323321
15	Ezra	8,437	0.6117349868618728	Elizabeth	6,566	0.563933344899435
16	Michael	8,383	0.6078196509260494	Violet	6,342	0.5446946806811175
17	Daniel	8,356	0.6058619829581378	Scarlett	6,288	0.5400567884142016
18	Leo	8,120	0.5887505147941693	Emily	6,154	0.5285479446407437
19	Owen	7,985	0.5789621749546111	Hazel	6,154	0.5285479446407437
20	Samuel	7,973	0.5780921003022059	Lily	6,146	0.5278608494900895
21	Hudson	7,935	0.5753368639029229	Gianna	6,129	0.5264007722949493
22	Alexander	7,875	0.570986490640897	Aurora	6,054	0.5199592552575661
23	Asher	7,853	0.5693913537781542	Penelope	6,041	0.5188427256377531
24	Luca	7,770	0.5633733374323516	Aria	5,996	0.5149778154153233
25	Ethan	7,763	0.5628657938851154	Nora	5,994	0.5148060416276596
26	John	7,750	0.5619232130116764	Chloe	5,960	0.5118858872373794
27	David	7,354	0.5332107494823056	Ellie	5,951	0.5111129051928934
28	Jackson	7,284	0.5281353140099421	Mila	5,895	0.506303239138314
29	Joseph	7,237	0.5247275216213552	Avery	5,859	0.5032113109603701
30	Mason	7,237	0.5247275216213552	Layla	5,678	0.48766578317681875
31	Luke	7,217	0.5232773972006799	Abigail	5,661	0.48620570598167867
32	Matthew	7,190	0.5213197292327681	Ella	5,643	0.48465974189270666
33	Julian	7,078	0.5131990324769865	Isla	5,357	0.46009609025681897
34	Dylan	7,054	0.5114588831721761	Eliana	5,329	0.45769125722952925
35	Elias	6,980	0.5060934228156776	Nova	5,248	0.4507344188291555
36	Jacob	6,976	0.5058033979315426	Madison	5,160	0.4431763721719593
37	Maverick	6,962	0.5047883108370699	Zoe	5,160	0.4431763721719593
38	Gabriel	6,745	0.4890544608727429	Ivy	5,036	0.4325263973368192
39	Logan	6,686	0.48477659383175076	Grace	4,886	0.4196433632620529
40	Aiden	6,675	0.4839790254003794	Lucy	4,858	0.4172385302347632
41	Thomas	6,598	0.4783960463807795	Willow	4,727	0.4059873471428007
42	Isaac	6,581	0.4771634406232054	Emilia	4,670	0.40109179419438956
43	Miles	6,558	0.47549579753942883	Riley	4,617	0.3965397888213054
44	Grayson	6,449	0.4675926194467485	Naomi	4,456	0.3827119989143897
45	Santiago	6,328	0.458819366701663	Victoria	4,434	0.3808224872500906
46	Anthony	6,237	0.45222130058759047	Stella	4,357	0.3742091964250439
47	Wyatt	6,237	0.45222130058759047	Elena	4,261	0.36596405461719356
48	Carter	5,847	0.4239438743844222	Hannah	4,102	0.3523080384979413
49	Jayden	5,627	0.4079925057569939	Valentina	4,075	0.3499890923644834
50	Ezekiel	5,569	0.4037871449370356	Maya	4,067	0.34930199721382915
51	Caleb	5,488	0.39791414103330064	Zoey	4,040	0.34698305108037125
52	Cooper	5,425	0.39334624910817345	Delilah	4,031	0.34621006903588525
53	Josiah	5,404	0.3918236184664644	Leah	3,953	0.33951089131700685
54	Charles	5,395	0.39117106247716055	Lainey	3,928	0.3373637189712124
55	Christopher	5,171	0.37492966896559726	Lillian	3,927	0.33727783207738066
56	Isaiah	5,121	0.37130435791390903	Paisley	3,727	0.32010045331102566
57	Nolan	5,112	0.3706518019246051	Genesis	3,651	0.31357304937981073
58	Cameron	5,069	0.36753403442015325	Madelyn	3,632	0.311941198397007
59	Nathan	5,049	0.366083909999478	Sadie	3,586	0.30799040128074534
60	Joshua	5,035	0.36506882290500525	Sophie	3,578	0.30730330613009116
61	Kai	4,946	0.3586157692330002	Leilani	3,543	0.304297264845979
62	Waylon	4,881	0.35390286486580547	Addison	3,520	0.3023218662878482
63	Angel	4,865	0.3527427653292653	Natalie	3,418	0.2935614031170071
64	Lincoln	4,842	0.35107512224548865	Josephine	3,347	0.28746343365495114
65	Andrew	4,781	0.346652242762429	Alice	3,336	0.2865186778228016
66	Roman	4,777	0.3463622178782939	Ruby	3,333	0.2862610171413063
67	Adrian	4,646	0.3368639029228708	Claire	3,195	0.2744086257925213
68	Aaron	4,551	0.32997581192466313	Kinsley	3,188	0.27380741753569887
69	Wesley	4,539	0.329105737272258	Everly	3,159	0.2713166976145774
70	Ian	4,538	0.3290332310512242	Emery	3,104	0.26659291845382976
71	Thiago	4,505	0.32664052575710995	Adeline	3,074	0.26401631163887657
72	Axel	4,498	0.32613298220987363	Kennedy	3,069	0.2635868771697177
73	Brooks	4,469	0.32403030179989445	Maeve	3,046	0.26161147861158685
74	Bennett	4,411	0.3198249409799361	Audrey	3,032	0.26040906209794196
75	Weston	4,356	0.31583709882307903	Autumn	3,001	0.25774656838915694
76	Rowan	4,195	0.30416359723664294	Athena	2,984	0.25628649119401675
77	Christian	4,125	0.2990881617642794	Eden	2,924	0.2511332775641103
78	Theo	4,122	0.29887064310117806	Iris	2,921	0.25087561688261495
79	Beau	4,090	0.2965504440280976	Anna	2,918	0.2506179562011196
80	Eli	4,081	0.2958978880387937	Eloise	2,916	0.25044618241345606
81	Silas	4,070	0.2951003196074223	Jade	2,908	0.24975908726280185
82	Jonathan	4,066	0.29481029472328724	Maria	2,893	0.24847078385532526
83	Ryan	4,020	0.2914750085557341	Caroline	2,859	0.2455506294650449
84	Leonardo	4,012	0.29089495878746396	Brooklyn	2,850	0.24477764742055894
85	Walker	4,006	0.29045992146126137	Quinn	2,846	0.24443409984523184
86	Jaxon	3,918	0.2840793740102901	Aaliyah	2,845	0.24434821295140005
87	Micah	3,875	0.2809616065058382	Vivian	2,801	0.24056918962280194
88	Everett	3,808	0.27610368969657595	Liliana	2,787	0.23936677310915708
89	Robert	3,807	0.2760311834755422	Gabriella	2,782	0.23893733863999822
90	Enzo	3,796	0.27523361504417077	Hailey	2,776	0.23842201727700754
91	Parker	3,792	0.2749435901600357	Sarah	2,749	0.23610307114354964
92	Jeremiah	3,750	0.27189832887661763	Savannah	2,739	0.2352442022052319
93	Jose	3,704	0.26856304270906445	Cora	2,738	0.2351583153114001
94	Colton	3,696	0.2679829929407943	Madeline	2,726	0.2341276725854188
95	Luka	3,650	0.2646477067732412	Natalia	2,717	0.23335469054093283
96	Easton	3,637	0.26370512589980216	Ariana	2,716	0.23326880364710106
97	Landon	3,637	0.26370512589980216	Lydia	2,716	0.23326880364710106
98	Jordan	3,632	0.2633425947946334	Lyla	2,651	0.22768615554803567
99	Amir	3,620	0.2624725201422282	Clara	2,648	0.22742849486654038
100	Gael	3,616	0.2621824952580931	Allison	2,641	0.22682728660971793
101	Austin	3,475	0.2519591180923323	Aubrey	2,573	0.22098697782915724
102	Adam	3,474	0.25188661187129857	Millie	2,559	0.21978456131551238
103	Jameson	3,471	0.25166909320819725	Melody	2,557	0.21961278752784882
104	August	3,439	0.2493488941351168	Ayla	2,552	0.21918335305868994
105	Xavier	3,413	0.24746373238823893	Serenity	2,548	0.21883980548336285
106	Myles	3,399	0.2464486452937662	Bella	2,540	0.21815271033270864
107	Dominic	3,395	0.24615862040963116	Skylar	2,522	0.2166067462437367
108	Damian	3,281	0.237892911211782	Josie	2,504	0.21506078215476473
109	Nicholas	3,242	0.23506516859146515	Lucia	2,432	0.20887692579887696
110	Jace	3,203	0.2322374259711483	Daisy	2,412	0.20715918792224142
111	Carson	3,200	0.23201990730804703	Raelynn	2,406	0.2066438665592508
112	Atlas	3,197	0.23180238864494573	Eva	2,405	0.20655797966541903
113	Adriel	3,185	0.23093231399254058	Juniper	2,382	0.2045825811072882
114	Kayden	3,120	0.22621940962534587	Samantha	2,363	0.20295073012448445
115	Hunter	3,110	0.2254943474150082	Elliana	2,358	0.20252129565532562
116	River	3,084	0.22360918566813032	Eliza	2,350	0.20183420050467138
117	Greyson	3,065	0.22223156746848882	Rylee	2,328	0.1999446888403723
118	Emmett	3,061	0.22194154258435372	Nevaeh	2,326	0.1997729150527088
119	Harrison	3,060	0.22186903636331998	Hadley	2,304	0.19788340338840973
120	Vincent	2,982	0.21621355112268634	Alaia	2,300	0.19753985581308264
121	Milo	2,950	0.21389335204960586	Parker	2,293	0.1969386475562602
122	Jasper	2,933	0.21266074629203183	Julia	2,290	0.19668098687476487
123	Giovanni	2,911	0.211065609429289	Amara	2,273	0.19522090967962472
124	Jonah	2,874	0.20838287925103974	Rose	2,237	0.1921289815016808
125	Zion	2,867	0.20787533570380337	Charlie	2,235	0.19195720771401725
126	Connor	2,855	0.2070052610513982	Ashley	2,174	0.18671810719027898
127	Sawyer	2,833	0.20541012418865537	Remi	2,170	0.1863745596149519
128	Arthur	2,823	0.20468506197831773	Georgia	2,157	0.18525802999513882
129	Ryder	2,822	0.20461255575728396	Adalynn	2,148	0.18448504795065282
130	Archer	2,819	0.2043950370941827	Melanie	2,114	0.18156489356037248
131	Lorenzo	2,810	0.2037424811048788	Amira	2,099	0.18027659015289585
132	Declan	2,799	0.2029449126735074	Margaret	2,070	0.17778587023177436
133	Emiliano	2,778	0.20142228203179832	Piper	2,066	0.17744232265644727
134	Luis	2,760	0.20011717005319055	Brielle	2,064	0.1772705488687837
135	Diego	2,734	0.19823200830631268	Mary	2,062	0.17709877508112018
136	George	2,689	0.19496922835979327	Freya	2,061	0.1770128881872884
137	Evan	2,581	0.18713855648814667	Cecilia	2,050	0.17606813235513885
138	Jaxson	2,556	0.18532590096230256	Esther	2,008	0.1724608828142043
139	Carlos	2,546	0.18460083875196492	Arya	2,002	0.17194556145121367
140	Graham	2,533	0.18365825787852597	Sienna	1,989	0.17082903183140058
141	Juan	2,526	0.18315071433128963	Summer	1,960	0.16833831191027912
142	Kingston	2,511	0.18206312101578315	Peyton	1,953	0.16773710365345668
143	Nathaniel	2,507	0.18177309613164808	Sage	1,945	0.1670500085028025
144	Matteo	2,503	0.18148307124751303	Valerie	1,944	0.16696412160897073
145	Legend	2,492	0.18068550281614162	Magnolia	1,942	0.16679234782130714
146	Malachi	2,466	0.17880034106926374	Emersyn	1,930	0.16576170509532587
147	Jason	2,456	0.1780752788589261	Catalina	1,928	0.1655899313076623
148	Leon	2,447	0.1774227228696222	Margot	1,923	0.16516049683850342
149	Dawson	2,439	0.1768426731013521	Everleigh	1,920	0.1649028361570081
150	Bryson	2,434	0.17648014199618328	Alina	1,895	0.16275566381121373
151	Amari	2,410	0.17473999269137291	Sloane	1,890	0.16232622934205487
152	Calvin	2,403	0.17423244914413658	Brianna	1,875	0.16103792593457825
153	Ivan	2,384	0.17285483094449505	Oakley	1,874	0.16095203904074645
154	Chase	2,378	0.17241979361829246	Valeria	1,860	0.15974962252710162
155	Cole	2,359	0.1710421754186509	Blakely	1,854	0.15923430116411094
156	Ashton	2,330	0.16893949500867175	Kehlani	1,854	0.15923430116411094
157	Ace	2,314	0.16777939547213153	Oaklynn	1,815	0.1558847123046717
158	Arlo	2,297	0.16654678971455752	Ximena	1,809	0.1553693909416811
159	Dean	2,281	0.16538669017801727	Isabelle	1,785	0.1533081054897185
160	Brayden	2,274	0.1648791466307809	Juliette	1,785	0.1533081054897185
161	Jude	2,258	0.16371904709424068	Emerson	1,764	0.15150448071925118
162	Hayden	2,219	0.16089130447392386	Amaya	1,750	0.15030206420560635
163	Max	2,197	0.15929616761118104	Elsie	1,749	0.15021617731177458
164	Matias	2,191	0.15886113028497845	Isabel	1,743	0.14970085594878393
165	Rhett	2,183	0.15828108051670833	Mackenzie	1,737	0.14918553458579328
166	Jayce	2,166	0.15704847475913433	Genevieve	1,734	0.14892787390429796
167	Elliott	2,160	0.15661343743293174	Anastasia	1,725	0.14815489185981198
168	Alan	2,159	0.15654093121189797	Reagan	1,721	0.14781134428448486
169	Braxton	2,128	0.15429323835985126	Katherine	1,697	0.1457500588325223
170	Kaiden	2,126	0.15414822591778374	Ember	1,696	0.1456641719386905
171	Zachary	2,112	0.15313313882331103	June	1,694	0.14549239815102694
172	Jesus	2,102	0.1524080766129734	Bailey	1,678	0.14411820784971857
173	Emmanuel	2,100	0.15226306417090585	Andrea	1,671	0.14351699959289613
174	Adonis	2,093	0.1517555206236695	Reese	1,663	0.14282990444224192
175	Charlie	2,091	0.151610508181602	Wrenley	1,654	0.14205692239775594
176	Judah	2,079	0.1507404335291968	Gemma	1,649	0.14162748792859708
177	Tyler	2,064	0.14965284021369035	Ada	1,647	0.14145571414093353
178	Elliot	2,060	0.14936281532955528	Alani	1,647	0.14145571414093353
179	Antonio	2,018	0.14631755404613717	Callie	1,646	0.14136982724710173
180	Emilio	2,012	0.14588251671993457	Kaylee	1,641	0.14094039277794287
181	Camden	2,009	0.14566499805683328	Olive	1,640	0.1408545058841111
182	Stetson	1,987	0.14406986119409043	Rosalie	1,640	0.1408545058841111
183	Maxwell	1,983	0.1437798363099554	Myla	1,638	0.14068273209644755
184	Ryker	1,976	0.14327229276271902	Alana	1,614	0.13862144664448495
185	Justin	1,925	0.13957447548999705	Ariella	1,613	0.13853555975065318
186	Kevin	1,914	0.13877690705862564	Kaia	1,608	0.1381061252814943
187	Messiah	1,909	0.1384143759534568	Ruth	1,594	0.13690370876784944
188	Finn	1,907	0.1382693635113893	Arianna	1,587	0.13630250051102702
189	Bentley	1,906	0.1381968572903555	Sara	1,587	0.13630250051102702
190	Ayden	1,904	0.13805184484828797	Jasmine	1,585	0.13613072672336346
191	Zayden	1,898	0.13761680752208538	Phoebe	1,580	0.1357012922542046
192	Felix	1,894	0.13732678263795034	Adaline	1,578	0.13552951846654104
193	Nicolas	1,886	0.13674673286968023	River	1,577	0.13544363157270928
194	Miguel	1,883	0.13652921420657893	Hallie	1,553	0.13338234612074665
195	Maddox	1,878	0.13616668310141009	Adalyn	1,538	0.13209404271327002
196	Beckett	1,865	0.13522410222797115	Wren	1,537	0.13200815581943828
197	Tate	1,845	0.13377397780729586	Presley	1,517	0.13029041794280277
198	Caden	1,835	0.13304891559695822	Lilah	1,493	0.12822913249084017
199	Beckham	1,829	0.13261387827075563	Alora	1,488	0.12779969802168129
200	Andres	1,827	0.1324688658286881	Amy	1,483	0.1273702635525224
201	Alejandro	1,825	0.1323238533866206	Norah	1,479	0.1270267159771953
202	Alex	1,806	0.13094623518697904	Annie	1,477	0.12685494218953175
203	Jesse	1,804	0.13080122274491152	Zuri	1,471	0.12633962082654113
204	Brody	1,803	0.13072871652387774	Alexandra	1,467	0.125996073251214
205	Tucker	1,802	0.13065621030284397	Sutton	1,456	0.1250513174190645
206	Jett	1,781	0.12913357966113492	Noelle	1,451	0.12462188294990562
207	Barrett	1,780	0.12906107344010115	Kylie	1,439	0.1235912402239243
208	Knox	1,770	0.1283360112297635	Molly	1,430	0.12281825817943832
209	Hayes	1,746	0.12659586192495317	Lia	1,425	0.12238882371027947
210	Peter	1,738	0.12601581215668306	Journee	1,423	0.12221704992261592
211	Timothy	1,733	0.12565328105151424	Leia	1,421	0.12204527613495235
212	Joel	1,728	0.1252907499463454	Evangeline	1,407	0.12084285962130752
213	Edward	1,723	0.12492821884117658	Lila	1,395	0.1198122168953262
214	Griffin	1,722	0.12485571262014282	Aspen	1,387	0.119125121744672
215	Xander	1,700	0.12326057575739997	Saylor	1,387	0.119125121744672
216	Oscar	1,693	0.12275303221016362	Khloe	1,381	0.11860980038168137
217	Victor	1,687	0.12231799488396104	Aitana	1,364	0.11714972318654117
218	Abraham	1,681	0.12188295755775845	Alaina	1,356	0.11646262803588697
219	Brandon	1,654	0.11992528958984681	Haven	1,353	0.11620496735439165
220	Abel	1,648	0.11949025226364422	Aliyah	1,346	0.11560375909756923
221	Richard	1,638	0.11876519005330657	Blake	1,346	0.11560375909756923
222	Callum	1,636	0.11862017761123905	Kimberly	1,329	0.11414368190242904
223	Riley	1,627	0.11796762162193516	Vera	1,328	0.11405779500859728
224	Patrick	1,596	0.11571992876988844	Ana	1,327	0.1139719081147655
225	Karter	1,590	0.11528489144368587	Kailani	1,315	0.11294126538878421
226	Malakai	1,568	0.11368975458094305	Tatum	1,314	0.11285537849495242
227	Eric	1,541	0.1117320866130314	Arabella	1,313	0.11276949160112067
228	Grant	1,539	0.11158707417096388	Diana	1,307	0.11225417023812999
229	Israel	1,530	0.11093451818165999	Selena	1,304	0.11199650955663468
230	Milan	1,516	0.1099194310871873	Kiara	1,302	0.11182473576897113
231	Gavin	1,512	0.10962940620305223	Harmony	1,297	0.11139530129981226
232	Rafael	1,508	0.10933938131891716	Lilith	1,294	0.11113764061831692
233	Tatum	1,492	0.10817928178237693	Rowan	1,285	0.11036465857383095
234	Kairo	1,484	0.10759923201410682	Delaney	1,283	0.1101928847861674
235	Elian	1,483	0.10752672579307304	Vivienne	1,283	0.1101928847861674
236	Kyrie	1,474	0.10687416980376917	Zara	1,282	0.11010699789233563
237	Louis	1,474	0.10687416980376917	Collins	1,269	0.10899046827252255
238	Lukas	1,472	0.10672915736170162	Harlow	1,266	0.10873280759102723
239	Javier	1,462	0.106004095151364	Blair	1,263	0.10847514690953189
240	Nico	1,462	0.106004095151364	Leila	1,263	0.10847514690953189
241	Avery	1,456	0.1055690578251614	Daphne	1,257	0.10795982554654125
242	Rory	1,442	0.1045539707306887	Faith	1,256	0.10787393865270949
243	Aziel	1,428	0.10353888363621598	Lennon	1,255	0.10778805175887769
244	Ismael	1,421	0.10303134008897963	Stevie	1,252	0.10753039107738237
245	Jeremy	1,413	0.10245129032070953	Mariana	1,249	0.10727273039588706
246	Zayn	1,413	0.10245129032070953	Kaylani	1,246	0.10701506971439172
247	Cohen	1,404	0.10179873433140564	Morgan	1,245	0.10692918282055996
248	Simon	1,398	0.10136369700520305	Juliana	1,240	0.10649974835140108
249	Marcus	1,394	0.10107367212106799	Gracie	1,237	0.10624208766990574
250	Steven	1,387	0.10056612857383164	Nyla	1,236	0.10615620077607398
251	Mark	1,386	0.10049362235279788	Miriam	1,234	0.10598442698841043
252	Dallas	1,375	0.09969605392142647	Daniela	1,230	0.10564087941308331
253	Tristan	1,373	0.09955104147935892	Dahlia	1,219	0.10469612358093379
254	Lane	1,371	0.0994060290372914	Brynlee	1,210	0.10392314153644781
255	Blake	1,366	0.09904349793212258	Rachel	1,209	0.10383725464261605
256	Paul	1,351	0.0979559046166161	Angela	1,205	0.10349370706728896
257	Paxton	1,351	0.0979559046166161	Lilly	1,194	0.10254895123513942
258	Bryce	1,346	0.09759337351144728	Kamila	1,192	0.10237717744747588
259	Nash	1,328	0.09628826153283952	Samara	1,190	0.10220540365981233
260	Crew	1,316	0.09541818688043434	Ryleigh	1,186	0.10186185608448521
261	Kash	1,316	0.09541818688043434	Taylor	1,185	0.10177596919065345
262	Kenneth	1,314	0.09527317443836682	Dakota	1,183	0.1016041954029899
263	Omar	1,306	0.0946931246700967	Lola	1,183	0.1016041954029899
264	Colt	1,298	0.09411307490182658	Talia	1,181	0.10143242161532635
265	Lennox	1,281	0.09288046914425258	Evie	1,170	0.10048766578317683
266	King	1,276	0.09251793803908376	Jordyn	1,170	0.10048766578317683
267	Walter	1,272	0.09222791315494869	Ophelia	1,166	0.10014411820784971
268	Emerson	1,258	0.09121282606047598	Camille	1,158	0.09945702305719552
269	Phoenix	1,243	0.09012523274496952	Gia	1,155	0.0991993623757002
270	Jaylen	1,240	0.08990771408186822	Milani	1,154	0.09911347548186841
271	Derek	1,238	0.0897627016398007	Lena	1,149	0.09868404101270954
272	Muhammad	1,237	0.08969019541876692	Elaina	1,147	0.098512267225046
273	Ellis	1,228	0.08903763942946305	Malia	1,144	0.09825460654355067
274	Kaleb	1,228	0.08903763942946305	Elise	1,142	0.09808283275588711
275	Preston	1,228	0.08903763942946305	Celeste	1,133	0.09730985071140114
276	Jorge	1,221	0.0885300958822267	Londyn	1,131	0.09713807692373759
277	Zane	1,220	0.08845758966119294	Palmer	1,129	0.09696630313607404
278	Kayson	1,217	0.08824007099809164	Mabel	1,125	0.09662275556074694
279	Cade	1,214	0.08802255233499034	Octavia	1,123	0.0964509817730834
280	Tobias	1,213	0.08795004611395657	Sawyer	1,120	0.09619332109158807
281	Otto	1,191	0.08635490925121375	Jane	1,108	0.09516267836560677
282	Kaden	1,188	0.08613739058811246	Finley	1,106	0.09499090457794322
283	Remington	1,184	0.0858473657039774	Marley	1,104	0.09481913079027966
284	Atticus	1,181	0.08562984704087612	Adelaide	1,103	0.09473324389644788
285	Finley	1,171	0.08490478483053845	Lucille	1,102	0.09464735700261612
286	Holden	1,171	0.08490478483053845	Shiloh	1,099	0.09438969632112079
287	Jax	1,155	0.08374468529399823	Antonella	1,092	0.09378848806429836
288	Cash	1,147	0.0831646355257281	Ariel	1,092	0.09378848806429836
289	Martin	1,147	0.0831646355257281	Poppy	1,072	0.09207075018766286
290	Ronan	1,145	0.08301962308366058	Kali	1,066	0.09155542882467221
291	Maximiliano	1,143	0.08287461064159306	Elianna	1,065	0.09146954193084043
292	Malcolm	1,128	0.08178701732608658	Juliet	1,061	0.09112599435551334
293	Romeo	1,123	0.08142448622091775	Maisie	1,059	0.09095422056784978
294	Josue	1,122	0.08135197999988399	Cataleya	1,054	0.09052478609869091
295	Francisco	1,121	0.08127947377885023	Danna	1,052	0.09035301231102737
296	Bodhi	1,117	0.08098944889471517	Aubree	1,044	0.08966591716037316
297	Cyrus	1,117	0.08098944889471517	Gabriela	1,041	0.08940825647887785
298	Koa	1,115	0.08084443645264763	Noa	1,041	0.08940825647887785
299	Angelo	1,114	0.08077193023161387	Brooke	1,032	0.08863527443439186
300	Aidan	1,111	0.08055441156851258	Celine	1,026	0.0881199530714012
301	Jensen	1,108	0.0803368929054113	Alessia	1,021	0.08769051860224233
302	Erick	1,104	0.08004686802127622	Hope	1,011	0.08683164966392458
303	Hendrix	1,084	0.07859674360060093	Selah	1,010	0.08674576277009281
304	Warren	1,080	0.07830671871646587	Vanessa	1,010	0.08674576277009281
305	Bryan	1,079	0.07823421249543211	Rory	1,005	0.08631632830093393
306	Cody	1,078	0.07816170627439835	Sydney	1,001	0.08597278072560684
307	Leonel	1,070	0.07758165650612824	Amari	997	0.08562923315027973
308	Onyx	1,069	0.07750915028509446	Teagan	996	0.08554334625644797
309	Ali	1,065	0.0772191254009594	Adriana	995	0.08545745936261619
310	Andre	1,063	0.07707411295889187	Payton	990	0.0850280248934573
311	Jaziel	1,063	0.07707411295889187	Rosemary	986	0.08468447731813021
312	Clayton	1,062	0.07700160673785811	Laila	985	0.08459859042429843
313	Saint	1,059	0.07678408807475681	London	984	0.08451270353046667
314	Dante	1,058	0.07671158185372305	Angelina	982	0.0843409297428031
315	Reid	1,058	0.07671158185372305	Alayna	978	0.083997382167476
316	Casey	1,050	0.07613153208545292	Kendall	978	0.083997382167476
317	Brian	1,044	0.07569649475925035	Rebecca	977	0.08391149527364423
318	Gideon	1,034	0.0749714325489127	Maggie	974	0.08365383459214891
319	Niko	1,033	0.07489892632787894	Adelyn	972	0.08348206080448536
320	Maximus	1,032	0.07482642010684518	Evelynn	971	0.08339617391065357
321	Colter	1,031	0.0747539138858114	Thea	970	0.0833102870168218
322	Kyler	1,031	0.0747539138858114	Amina	969	0.08322440012299002
323	Brady	1,030	0.07468140766477764	Tessa	960	0.08245141807850405
324	Zyaire	1,029	0.07460890144374388	Kayla	951	0.08167843603401809
325	Cristian	1,024	0.07424637033857505	Esme	944	0.08107722777719566
326	Cayden	1,022	0.07410135789650753	Mckenna	940	0.08073368020186857
327	Harvey	1,022	0.07410135789650753	Nicole	940	0.08073368020186857
328	Cruz	1,012	0.07337629568616987	Regina	937	0.08047601952037323
329	Dakota	1,009	0.07315877702306858	Luciana	933	0.08013247194504614
330	Damien	1,009	0.07315877702306858	Julianna	930	0.07987481126355081
331	Manuel	1,006	0.07294125835996729	Nayeli	929	0.07978892436971903
332	Anderson	1,005	0.07286875213893353	Catherine	928	0.07970303747588726
333	Cairo	1,003	0.07272373969686599	Alyssa	927	0.07961715058205547
334	Colin	1,001	0.07257872725479846	Journey	923	0.07927360300672838
335	Joaquin	997	0.0722887023706634	Dream	920	0.07901594232523305
336	Ezequiel	988	0.07163614638135951	Camilla	918	0.07884416853756951
337	Karson	984	0.07134612149722447	Ariyah	917	0.07875828164373773
338	Callan	983	0.07127361527619071	Nina	917	0.07875828164373773
339	Briggs	982	0.07120110905515693	Joanna	915	0.07858650785607417
340	Khalil	979	0.07098359039205564	Mya	911	0.07824296028074708
341	Wade	971	0.07040354062378552	Annabelle	905	0.07772763891775643
342	Jared	968	0.07018602196068423	Esmeralda	904	0.07764175202392465
343	Fernando	967	0.07011351573965047	Lauren	898	0.077126430660934
344	Ari	964	0.06989599707654917	Fatima	893	0.07669699619177513
345	Colson	948	0.06873589754000893	Giselle	887	0.07618167482878448
346	Kylian	948	0.06873589754000893	Harley	885	0.07600990104112093
347	Archie	940	0.06815584777173882	Jocelyn	885	0.07600990104112093
348	Banks	938	0.06801083532967128	Phoenix	866	0.0743780500583172
349	Bowen	934	0.06772081044553623	Trinity	866	0.0743780500583172
350	Kade	933	0.06764830422450246	Malani	865	0.07429216316448543
351	Daxton	928	0.06728577311933363	Heidi	864	0.07420627627065365
352	Jaden	927	0.06721326689829987	Meadow	864	0.07420627627065365
353	Rhys	924	0.06699574823519858	Raya	862	0.07403450248299011
354	Sonny	924	0.06699574823519858	Paige	860	0.07386272869532655
355	Zander	924	0.06699574823519858	Jayla	857	0.07360506801383122
356	Eduardo	920	0.06670572335106352	Logan	856	0.07351918111999944
357	Iker	915	0.06634319224589469	Leighton	850	0.07300385975700881
358	Sullivan	914	0.06627068602486093	Charlee	848	0.07283208596934525
359	Bradley	904	0.06554562381452328	Viviana	844	0.07248853839401814
360	Raymond	900	0.06525559893038822	Madilyn	842	0.0723167646063546
361	Odin	897	0.06503808026728694	Raven	841	0.07223087771252283
362	Spencer	897	0.06503808026728694	Amora	840	0.07214499081869105
363	Stephen	892	0.06467554916211811	Navy	840	0.07214499081869105
364	Prince	885	0.06416800561488176	Itzel	839	0.07205910392485929
365	Brantley	884	0.064095499393848	Laura	837	0.07188733013719573
366	Killian	883	0.06402299317281424	Emory	834	0.0716296694557004
367	Kamari	882	0.06395048695178046	Azalea	833	0.07154378256186862
368	Cesar	879	0.06373296828867916	Hayden	831	0.07137200877420508
369	Dariel	877	0.06358795584661163	Aniyah	826	0.07094257430504619
370	Eithan	874	0.06337043718351035	Winter	826	0.07094257430504619
371	Mathias	874	0.06337043718351035	Aurelia	825	0.07085668741121443
372	Ricardo	873	0.06329793096247659	Alivia	822	0.0705990267297191
373	Orion	861	0.06242785631007141	Brooklynn	821	0.07051313983588732
374	Titus	858	0.06221033764697011	Francesca	820	0.07042725294205555
375	Luciano	855	0.06199281898386881	Serena	817	0.07016959226056023
376	Rylan	852	0.06177530032076752	Lilliana	813	0.06982604468523312
377	Pablo	850	0.06163028787869999	Gracelynn	812	0.06974015779140134
378	Chance	847	0.0614127692155987	Kalani	810	0.0695683840037378
379	Travis	840	0.060905225668362345	Aisha	809	0.06948249710990602
380	Kohen	837	0.060687707005261056	Gwendolyn	808	0.06939661021607425
381	Marco	833	0.06039768212112599	Elaine	806	0.06922483642841071
382	Jay	831	0.06025266967905846	Nylah	804	0.06905306264074715
383	Malik	831	0.06025266967905846	Hattie	801	0.06879540195925182
384	Hector	828	0.06003515101595717	Wynter	801	0.06879540195925182
385	Edwin	824	0.05974512613182211	Adelynn	796	0.06836596749009295
386	Armani	822	0.059600113689754576	Adelina	790	0.0678506461271023
387	Bodie	822	0.059600113689754576	Alessandra	788	0.06767887233943874
388	Shiloh	815	0.05909257014251823	Mylah	788	0.06767887233943874
389	Marshall	813	0.0589475577004507	Alayah	787	0.06759298544560698
390	Remy	813	0.0589475577004507	Anaya	784	0.06733532476411165
391	Russell	813	0.0589475577004507	Julieta	783	0.06724943787027987
392	Baylor	812	0.05887505147941693	Rosie	779	0.06690589029495277
393	Kameron	812	0.05887505147941693	Mariah	777	0.06673411650728922
394	Tyson	807	0.05851252037424812	Demi	776	0.06664822961345744
395	Grady	800	0.05800497682701176	Raelyn	771	0.06621879514429857
396	Oakley	799	0.057932470605978	Sabrina	770	0.06613290825046679
397	Baker	798	0.05785996438494422	Helen	768	0.06596113446280324
398	Winston	797	0.05778745816391046	Everlee	765	0.06570347378130792
399	Kane	792	0.05742492705874164	Astrid	764	0.06561758688747615
400	Julius	791	0.057352420837707876	Fiona	764	0.06561758688747615
401	Desmond	789	0.05720740839564035	Michelle	763	0.06553169999364437
402	Royal	789	0.05720740839564035	Xiomara	761	0.06535992620598083
403	Sterling	789	0.05720740839564035	Briella	758	0.06510226552448549
404	Mario	787	0.05706239595357281	Alexandria	755	0.06484460484299016
405	Kylo	786	0.05698988973253905	Frances	755	0.06484460484299016
406	Sergio	782	0.05669986484840399	Sunny	749	0.06432928347999951
407	Jake	781	0.05662735862737023	Sarai	748	0.06424339658616773
408	Kashton	781	0.05662735862737023	Alaya	744	0.06389984901084064
409	Shepherd	779	0.05648234618530269	Melissa	742	0.0637280752231771
410	Franklin	776	0.056264827522201404	Veronica	741	0.06364218832934532
411	Ibrahim	774	0.05611981508013387	Mira	740	0.06355630143551355
412	Ares	772	0.05597480263806635	Zariah	740	0.06355630143551355
413	Koda	771	0.05590229641703258	Brynn	739	0.06347041454168177
414	Lawson	768	0.05568477775393128	Reign	739	0.06347041454168177
415	Hugo	765	0.055467259090829994	Maryam	738	0.06338452764784999
416	Kyle	754	0.05466969065945858	Lana	734	0.06304098007252289
417	Kyson	754	0.05466969065945858	Arielle	729	0.06261154560336402
418	Kobe	753	0.05459718443842482	Raegan	729	0.06261154560336402
419	Pedro	753	0.05459718443842482	Remington	729	0.06261154560336402
420	Santino	752	0.05452467821739105	Salem	729	0.06261154560336402
421	Wilder	752	0.05452467821739105	Elisa	728	0.06252565870953225
422	Sage	750	0.05437966577532353	Aylin	726	0.06235388492186869
423	Raiden	747	0.05416214711222223	Emely	726	0.06235388492186869
424	Damon	742	0.05379961600705341	Carolina	725	0.06226799802803691
425	Nasir	739	0.05358209734395212	Sylvie	725	0.06226799802803691
426	Sean	739	0.05358209734395212	Sylvia	722	0.06201033734654159
427	Forrest	737	0.053437084901884584	Annalise	719	0.06175267666504627
428	Kian	732	0.05307455379671576	Willa	717	0.06158090287738272
429	Reed	724	0.05249450402844564	Mallory	713	0.06123735530205562
430	Tanner	720	0.05220447914431059	Kira	712	0.061151468408223844
431	Jalen	719	0.052131972923276815	Daniella	711	0.061065581514392064
432	Apollo	717	0.05198696048120928	Elora	710	0.06097969462056029
433	Zayne	717	0.05198696048120928	Saige	710	0.06097969462056029
434	Nehemiah	716	0.05191445426017552	Carmen	709	0.06089380772672852
435	Edgar	714	0.05176944181810799	Charli	708	0.060807920832896746
436	Johnny	711	0.051551923155006694	Mckenzie	707	0.06072203393906497
437	Clark	707	0.051261898270871645	Matilda	706	0.060636147045233194
438	Eden	706	0.05118939204983787	Miracle	706	0.060636147045233194
439	Gunner	705	0.05111688582880411	Destiny	704	0.060464373257569634
440	Isaias	700	0.050754354723635285	Alicia	699	0.06003493878841076
441	Esteban	698	0.05060934228156776	Elle	696	0.059777278106915445
442	Hank	697	0.050536836060533996	Colette	695	0.05969139121308367
443	Alijah	696	0.050464329839500235	Anya	694	0.059605504319251885
444	Solomon	696	0.050464329839500235	Madeleine	688	0.05909018295626124
445	Wells	696	0.050464329839500235	Oaklee	685	0.05883252227476592
446	Sutton	695	0.05039182361846646	Skye	683	0.05866074848710237
447	Royce	694	0.0503193173974327	Cali	682	0.058574861593270584
448	Callen	686	0.04973926762916258	Daleyza	682	0.058574861593270584
449	Reece	686	0.04973926762916258	Alexis	681	0.05848897469943881
450	Gianni	685	0.04966676140812882	Holly	681	0.05848897469943881
451	Noel	685	0.04966676140812882	Katalina	681	0.05848897469943881
452	Quinn	685	0.04966676140812882	Miley	681	0.05848897469943881
453	Raphael	680	0.049304230302959995	Alanna	676	0.05805954023027994
454	Corbin	675	0.04894169919779117	Felicity	676	0.05805954023027994
455	Erik	675	0.04894169919779117	Joy	676	0.05805954023027994
456	Tripp	671	0.048651674313656114	Helena	675	0.05797365333644817
457	Atreus	670	0.048579168092622346	Makayla	675	0.05797365333644817
458	Francis	670	0.048579168092622346	Amirah	669	0.05745833197345751
459	Kayce	666	0.04828914320848729	Maia	669	0.05745833197345751
460	Callahan	662	0.047999118324352226	Armani	668	0.05737244507962574
461	Devin	662	0.047999118324352226	Alma	663	0.05694301061046687
462	Troy	662	0.047999118324352226	Anahi	661	0.05677123682280332
463	Sylas	657	0.04763658721918341	Ari	660	0.056685349928971535
464	Fabian	656	0.04756408099814964	Bianca	659	0.05659946303513976
465	Zaire	654	0.04741906855608211	Scarlet	659	0.05659946303513976
466	Donovan	649	0.04705653745091329	Amiyah	658	0.05651357614130799
467	Johnathan	647	0.04691152500884576	Dorothy	658	0.05651357614130799
468	Frank	646	0.046839018787812	Stephanie	654	0.05617002856598089
469	Lewis	645	0.04676651256677823	Fernanda	653	0.05608414167214912
470	Moshe	644	0.046694006345744464	Briana	652	0.05599825477831734
471	Adan	643	0.046621500124710696	Alison	651	0.055912367884485566
472	Alexis	641	0.046476487682643175	Lorelai	650	0.05582648099065379
473	Tadeo	640	0.04640398146160941	Renata	650	0.05582648099065379
474	Ronin	638	0.04625896901954188	Macie	648	0.05565470720299023
475	Marcos	637	0.04618646279850811	Makenna	648	0.05565470720299023
476	Kieran	634	0.04596894413540682	Imani	645	0.055397046521494915
477	Leonidas	634	0.04596894413540682	Jimena	639	0.054881725158504265
478	Bo	630	0.04567891925127176	Kate	639	0.054881725158504265
479	Kendrick	630	0.04567891925127176	Liana	638	0.054795838264672485
480	Ruben	627	0.04546140058817046	Cameron	637	0.05470995137084071
481	Camilo	626	0.0453888943671367	Lyra	636	0.05462406447700893
482	Garrett	624	0.04524388192506917	Maddison	634	0.05445229068934539
483	Matthias	623	0.045171375704035406	Izabella	630	0.05410874311401829
484	Emanuel	620	0.04495385704093411	Amanda	629	0.054022856220186516
485	Jeffrey	617	0.044736338377832814	Lorelei	628	0.05393696932635474
486	Collin	613	0.04444631349369776	Dayana	627	0.053851082432522956
487	Lucian	611	0.04430130105163023	Gracelyn	626	0.053765195538691184
488	Augustus	610	0.04422879483059647	Opal	624	0.05359342175102763
489	Memphis	610	0.04422879483059647	Nadia	622	0.053421647963364086
490	Rowen	610	0.04422879483059647	Brinley	620	0.05324987417570054
491	Yusuf	610	0.04422879483059647	Madelynn	620	0.05324987417570054
492	Finnegan	608	0.04408378238852893	Calliope	618	0.05307810038803699
493	Makai	608	0.04408378238852893	Paris	618	0.05307810038803699
494	Lionel	607	0.04401127616749517	Camryn	617	0.052992213494205215
495	Caiden	606	0.043938769946461405	Danielle	617	0.052992213494205215
496	Rodrigo	606	0.043938769946461405	Cassidy	616	0.05290632660037343
497	Uriel	606	0.043938769946461405	Cecelia	614	0.05273455281270988
498	Lucca	605	0.04386626372542764	Haisley	614	0.05273455281270988
499	Philip	605	0.04386626372542764	Jordan	613	0.05264866591887811
500	Andy	603	0.043721251283360116	Faye	610	0.052391005237382784
501	Kaison	603	0.043721251283360116	Marlee	605	0.05196157076822391
502	Jaiden	602	0.04364874506232635	Bonnie	603	0.051789796980560354
503	Porter	602	0.04364874506232635	Allie	602	0.05170391008672858
504	Jasiah	598	0.04335872017819129	Edith	602	0.05170391008672858
505	Ridge	598	0.04335872017819129	Emmy	599	0.05144624940523326
506	Frederick	595	0.043141201515089996	Mae	597	0.05127447561756971
507	Amiri	594	0.04306869529405623	Kaliyah	596	0.05118858872373794
508	Rocco	589	0.042706164188887404	Oakleigh	596	0.05118858872373794
509	Asa	588	0.04263365796785364	Meredith	595	0.051102701829906165
510	Ayaan	585	0.042416139304752354	Carter	594	0.05101681493607438
511	Kason	585	0.042416139304752354	Kamryn	590	0.05067326736074728
512	Denver	583	0.04227112686268482	Ariah	589	0.05058738046691551
513	Dalton	578	0.041908595757515994	Maxine	588	0.050501493573083735
514	Major	576	0.041763583315448466	Heaven	587	0.05041560667925196
515	Valentino	575	0.0416910770944147	April	584	0.05015794599775664
516	Allen	568	0.041183533547178346	Blaire	584	0.05015794599775664
517	Kolton	568	0.041183533547178346	Jennifer	583	0.05007205910392486
518	Zaiden	567	0.041111027326144585	Leona	583	0.05007205910392486
519	Ariel	565	0.04096601488407706	Murphy	582	0.04998617221009308
520	Rome	565	0.04096601488407706	Ivory	581	0.049900285316261304
521	Ford	564	0.04089350866304329	Florence	580	0.04981439842242953
522	Leland	564	0.04089350866304329	Lexi	580	0.04981439842242953
523	Marcelo	564	0.04089350866304329	Angel	579	0.04972851152859776
524	Seth	562	0.04074849622097576	Alondra	577	0.049556737740934206
525	Jamir	561	0.04067598999994199	Hanna	577	0.049556737740934206
526	Leandro	561	0.04067598999994199	Rhea	576	0.049470850847102434
527	Miller	558	0.040458471336840704	Bristol	573	0.049213190165607115
528	Roberto	558	0.040458471336840704	Amalia	572	0.049127303271775336
529	Alessandro	555	0.04024095267373941	Katie	572	0.049127303271775336
530	Gregory	554	0.04016844645270565	Monroe	571	0.049041416377943556
531	Hezekiah	554	0.04016844645270565	Emelia	569	0.04886964259028
532	Jonas	554	0.04016844645270565	Maliyah	569	0.04886964259028
533	Cassian	553	0.04009594023167188	Kora	566	0.048611981908784685
534	Deacon	553	0.04009594023167188	Ariya	565	0.04852609501495291
535	Jaxton	550	0.039878421568570584	Mariam	565	0.04852609501495291
536	Keanu	549	0.039805915347536816	Lyric	562	0.04826843433345758
537	Alonzo	548	0.039733409126503055	Makenzie	561	0.04818254743962581
538	Moises	548	0.039733409126503055	Frankie	560	0.048096660545794034
539	Conrad	547	0.03966090290546929	Jacqueline	560	0.048096660545794034
540	Drew	546	0.03958839668443553	Jazlyn	558	0.04792488675813048
541	Bruce	544	0.03944338424236799	Legacy	556	0.04775311297046693
542	Mohamed	542	0.03929837180030046	Margo	556	0.04775311297046693
543	Anakin	541	0.0392258655792667	Clementine	554	0.047581339182803384
544	Soren	540	0.039153359358232935	Maren	553	0.04749545228897161
545	Mack	539	0.039080853137199174	Paislee	553	0.04749545228897161
546	Pierce	536	0.03886333447409788	Alejandra	551	0.04732367850130806
547	Kylan	533	0.03864581581099658	Sevyn	551	0.04732367850130806
548	Princeton	531	0.038500803368929054	Jolene	549	0.047151904713644506
549	Zain	531	0.038500803368929054	Averie	548	0.04706601781981273
550	Trevor	528	0.03828328470582776	Briar	548	0.04706601781981273
551	Morgan	527	0.038210778484794	Yaretzi	547	0.04698013092598096
552	Ozzy	526	0.03813827226376023	Gabrielle	545	0.04680835713831741
553	Roy	526	0.03813827226376023	Jessica	545	0.04680835713831741
554	Dominick	525	0.03806576604272646	Rylie	544	0.046722470244485635
555	Shane	525	0.03806576604272646	Alia	543	0.046636583350653855
556	Hamza	523	0.03792075360065894	Zahra	543	0.046636583350653855
557	Moses	523	0.03792075360065894	Emerie	541	0.0464648095629903
558	Dax	519	0.03763072871652388	Lilian	541	0.0464648095629903
559	Lawrence	519	0.03763072871652388	Arleth	535	0.04594948819999965
560	Ander	516	0.03741321005342259	Virginia	535	0.04594948819999965
561	Ledger	516	0.03741321005342259	Avianna	530	0.04552005373084078
562	Enrique	515	0.03734070383238882	Royalty	530	0.04552005373084078
563	Rayan	515	0.03734070383238882	Azariah	527	0.045262393049345456
564	Johan	514	0.03726819761135505	Kenzie	523	0.04491884547401835
565	Saul	514	0.03726819761135505	Kyla	523	0.04491884547401835
566	Jamari	513	0.037195691390321285	Sierra	522	0.04483295858018658
567	Armando	512	0.037123185169287524	Halo	520	0.04466118479252303
568	Kaysen	512	0.037123185169287524	Holland	520	0.04466118479252303
569	Samson	512	0.037123185169287524	Reyna	520	0.04466118479252303
570	Azariah	511	0.037050678948253764	Thalia	520	0.04466118479252303
571	Maximilian	511	0.037050678948253764	Keira	519	0.04457529789869125
572	Rio	510	0.036978172727219996	Capri	518	0.04448941100485948
573	Braylen	509	0.03690566650618623	Marina	518	0.04448941100485948
574	Julio	509	0.03690566650618623	Noemi	518	0.04448941100485948
575	Mohammad	509	0.03690566650618623	Amber	517	0.04440352411102771
576	Cassius	506	0.03668814784308493	Miranda	517	0.04440352411102771
577	Kasen	497	0.03603559185378106	Sariyah	517	0.04440352411102771
578	Maximo	496	0.03596308563274729	Rosalia	516	0.04431763721719593
579	Omari	495	0.03589057941171352	Indie	514	0.04414586342953238
580	Clay	491	0.03560055452757847	Oaklyn	514	0.04414586342953238
581	Izaiah	491	0.03560055452757847	Anne	513	0.0440599765357006
582	Lian	491	0.03560055452757847	Mara	513	0.0440599765357006
583	Emir	490	0.0355280483065447	Lina	512	0.04397408964186883
584	Jaime	490	0.0355280483065447	Wrenlee	512	0.04397408964186883
585	Samir	488	0.03538303586447717	Mina	511	0.04388820274803706
586	Gerardo	486	0.03523802342240964	Louise	510	0.043802315854205284
587	Kaizen	486	0.03523802342240964	Beatrice	509	0.043716428960373505
588	Zachariah	485	0.03516551720137588	Jovie	507	0.04354465517270995
589	Jayson	484	0.035093010980342114	Ivanna	506	0.04345876827887818
590	Albert	481	0.03487549231724082	Nalani	506	0.04345876827887818
591	Taylor	481	0.03487549231724082	Journi	505	0.043372881385046406
592	Sincere	477	0.03458546743310576	Marceline	505	0.043372881385046406
593	Cillian	476	0.034512961212071994	Ailani	504	0.043286994491214634
594	Gunnar	475	0.034440454991038226	Myra	504	0.043286994491214634
595	Boone	474	0.034367948770004465	Mavis	501	0.0430293338097193
596	Raul	474	0.034367948770004465	Aliana	500	0.04294344691588753
597	Jamie	473	0.034295442548970705	Kinley	499	0.042857560022055756
598	Jayceon	473	0.034295442548970705	Ainsley	496	0.04259989934056043
599	Scott	471	0.03415043010690317	Jaylani	496	0.04259989934056043
600	Westin	471	0.03415043010690317	Eve	495	0.04251401244672865
601	Danny	470	0.03407792388586941	Iyla	495	0.04251401244672865
602	Arjun	469	0.03400541766483564	Leyla	493	0.042342238659065105
603	Kamden	468	0.03393291144380188	Alexa	490	0.04208457797756978
604	Colby	467	0.03386040522276811	Arlet	490	0.04208457797756978
605	Peyton	467	0.03386040522276811	Lylah	490	0.04208457797756978
606	Koen	466	0.03378789900173435	Charleigh	488	0.04191280418990623
607	Nikolai	466	0.03378789900173435	Chaya	488	0.04191280418990623
608	Dorian	465	0.033715392780700584	Cleo	488	0.04191280418990623
609	Ocean	465	0.033715392780700584	Tiana	488	0.04191280418990623
610	Louie	459	0.033280355454498	Estella	486	0.04174103040224268
611	Layton	456	0.033062836791396696	Nellie	485	0.0416551435084109
612	Ronald	456	0.033062836791396696	Winnie	485	0.0416551435084109
613	Jase	455	0.032990330570362936	Yara	485	0.0416551435084109
614	Kyro	455	0.032990330570362936	Mikayla	483	0.04148336972074736
615	Benson	454	0.032917824349329175	Dallas	482	0.04139748282691558
616	Davis	454	0.032917824349329175	Sasha	481	0.041311595933083804
617	Huxley	451	0.03270030568622788	Scottie	481	0.041311595933083804
618	Kenzo	451	0.03270030568622788	Hadassah	480	0.041225709039252025
619	Conor	450	0.03262779946519411	Amani	479	0.04113982214542025
620	Mohammed	450	0.03262779946519411	Ila	478	0.04105393525158848
621	Arturo	449	0.03255529324416035	Kaitlyn	478	0.04105393525158848
622	Phillip	449	0.03255529324416035	Ellianna	477	0.040968048357756706
623	Augustine	448	0.03248278702312658	Abby	475	0.040796274570093154
624	Reign	448	0.03248278702312658	Skyler	475	0.040796274570093154
625	Yosef	444	0.032192762138991526	Amaia	473	0.0406245007824296
626	Kareem	441	0.03197524347589023	Freyja	473	0.0406245007824296
627	Keegan	441	0.03197524347589023	Romina	473	0.0406245007824296
628	Vicente	441	0.03197524347589023	Lennox	471	0.040452726994766056
629	Salem	439	0.0318302310338227	Jenna	470	0.04036684010093428
630	Reese	438	0.031757724812788934	Kennedi	470	0.04036684010093428
631	Fletcher	436	0.03161271237072141	Kayleigh	466	0.04002329252560718
632	Shawn	436	0.03161271237072141	Melany	464	0.03985151873794363
633	Braylon	434	0.03146769992865388	Amoura	463	0.03976563184411185
634	Alden	431	0.03125018126555258	Mckinley	458	0.039336197374952975
635	Julien	431	0.03125018126555258	Angelica	457	0.0392503104811212
636	Cannon	430	0.031177675044518818	Keilani	457	0.0392503104811212
637	Chaim	430	0.031177675044518818	Michaela	457	0.0392503104811212
638	Gustavo	430	0.031177675044518818	Zariyah	457	0.0392503104811212
639	Boston	429	0.031105168823485053	Cassandra	456	0.03916442358728943
640	Zeke	429	0.031105168823485053	Noah	456	0.03916442358728943
641	Eliam	428	0.031032662602451293	Remy	456	0.03916442358728943
642	Corey	426	0.03088765016038376	Nia	455	0.03907853669345765
643	Dennis	426	0.03088765016038376	Reina	454	0.03899264979962588
644	Madden	426	0.03088765016038376	Milan	453	0.038906762905794104
645	Marvin	426	0.03088765016038376	Jazmin	452	0.038820876011962324
646	Elio	422	0.0305976252762487	Davina	451	0.03873498911813055
647	Krew	420	0.030452612834181172	Della	451	0.03873498911813055
648	Ahmed	419	0.03038010661314741	Dylan	451	0.03873498911813055
649	Layne	419	0.03038010661314741	Marie	451	0.03873498911813055
650	Nikolas	419	0.03038010661314741	Galilea	450	0.03864910222429878
651	Mac	417	0.03023509417107988	Violeta	449	0.038563215330467
652	Otis	417	0.03023509417107988	Jaliyah	448	0.038477328436635226
653	Harlan	416	0.030162587950046116	Jenesis	447	0.03839144154280345
654	Azriel	415	0.030090081729012348	Melina	447	0.03839144154280345
655	Emmitt	415	0.030090081729012348	Isabela	446	0.038305554648971674
656	Brixton	414	0.030017575507978584	Priscilla	446	0.038305554648971674
657	Donald	414	0.030017575507978584	Emberly	445	0.0382196677551399
658	Musa	414	0.030017575507978584	Erin	445	0.0382196677551399
659	Amos	413	0.029945069286944823	Aliza	444	0.03813378086130813
660	Jamison	413	0.029945069286944823	Eileen	444	0.03813378086130813
661	Dario	412	0.029872563065911056	Shelby	444	0.03813378086130813
662	Roland	412	0.029872563065911056	Kelsey	443	0.038047893967476355
663	Zakai	412	0.029872563065911056	Laney	443	0.038047893967476355
664	Aarav	408	0.029582538181775996	Siena	443	0.038047893967476355
665	Caspian	408	0.029582538181775996	Braelynn	442	0.037962007073644576
666	Finnley	408	0.029582538181775996	Analia	440	0.03779023328598102
667	Raylan	408	0.029582538181775996	Elliott	440	0.03779023328598102
668	Mauricio	406	0.029437525739708464	Rosa	440	0.03779023328598102
669	Briar	404	0.02929251329764094	Aleena	439	0.03770434639214925
670	Wilson	404	0.02929251329764094	Leslie	439	0.03770434639214925
671	Chosen	403	0.02922000707660717	Gloria	436	0.037446685710653925
672	Sam	403	0.02922000707660717	Kataleya	436	0.037446685710653925
673	Tru	403	0.02922000707660717	Martha	435	0.03736079881682215
674	Trace	402	0.02914750085557341	Irene	434	0.03727491192299037
675	Waylen	402	0.02914750085557341	Clover	433	0.0371890250291586
676	Quincy	401	0.029074994634539643	Penny	431	0.037017251241495054
677	Santana	401	0.029074994634539643	Ryan	431	0.037017251241495054
678	Creed	400	0.02900248841350588	Kaeli	430	0.036931364347663274
679	Jakari	398	0.02885747597143835	Taytum	430	0.036931364347663274
680	Westley	397	0.028784969750404586	Karsyn	427	0.03667370366616795
681	Amias	394	0.028567451087303294	Kathryn	427	0.03667370366616795
682	Azrael	394	0.028567451087303294	Estrella	424	0.036416042984672624
683	Drake	394	0.028567451087303294	Adrianna	423	0.03633015609084085
684	Duke	393	0.028494944866269526	Flora	422	0.03624426919700907
685	Ahmad	392	0.028422438645235762	Goldie	422	0.03624426919700907
686	Axton	392	0.028422438645235762	Halle	422	0.03624426919700907
687	Chandler	388	0.028132413761100702	Haley	421	0.0361583823031773
688	Hassan	388	0.028132413761100702	Sloan	421	0.0361583823031773
689	Houston	387	0.028059907540066934	Fallon	420	0.036072495409345526
690	Tommy	387	0.028059907540066934	Macy	419	0.035986608515513746
691	Eliseo	384	0.02784238887696564	Vienna	418	0.03590072162168197
692	Dustin	382	0.027697376434898117	Janelle	416	0.03572894783401843
693	Leonard	382	0.027697376434898117	Elowyn	415	0.03564306094018665
694	Kyree	381	0.02762487021386435	Megan	414	0.035557174046354875
695	Truett	380	0.027552363992830585	Azari	413	0.035471287152523095
696	Abdiel	379	0.027479857771796824	Maci	413	0.035471287152523095
697	Azael	379	0.027479857771796824	Aya	412	0.03538540025869132
698	Ezrah	379	0.027479857771796824	Kyra	410	0.03521362647102778
699	Zamir	379	0.027479857771796824	Lillie	409	0.035127739577196004
700	Dexter	378	0.027407351550763057	Milena	408	0.035041852683364225
701	Salvador	378	0.027407351550763057	Birdie	407	0.034955965789532445
702	Uriah	378	0.027407351550763057	Liv	403	0.034612418214205354
703	Ryland	376	0.027262339108695525	Christina	401	0.034440644426541794
704	Zyair	376	0.027262339108695525	Novah	401	0.034440644426541794
705	Karim	375	0.027189832887661764	Zelda	401	0.034440644426541794
706	Lee	375	0.027189832887661764	Paula	400	0.03435475753271002
707	Rhodes	374	0.027117326666627996	Julie	399	0.03426887063887825
708	Bruno	373	0.027044820445594232	Selene	398	0.034182983745046476
709	Case	372	0.026972314224560465	Khaleesi	397	0.034097096851214696
710	Mylo	372	0.026972314224560465	Chelsea	395	0.03392532306355115
711	Valentin	372	0.026972314224560465	Estelle	395	0.03392532306355115
712	Abram	371	0.026899808003526704	Karla	395	0.03392532306355115
713	Avyaan	371	0.026899808003526704	Chana	394	0.03383943616971937
714	Cal	371	0.026899808003526704	Marigold	392	0.033667662382055825
715	Keith	370	0.02682730178249294	Laurel	391	0.033581775488224046
716	Alvaro	369	0.026754795561459172	Promise	390	0.03349588859439227
717	Enoch	368	0.026682289340425405	Rayna	390	0.03349588859439227
718	Trey	368	0.026682289340425405	Alisson	389	0.0334100017005605
719	Clyde	367	0.026609783119391644	Bethany	389	0.0334100017005605
720	Nathanael	367	0.026609783119391644	Jemma	389	0.0334100017005605
721	Khai	366	0.02653727689835788	Yareli	388	0.03332411480672872
722	Rex	366	0.02653727689835788	Adalee	387	0.03323822791289695
723	Zaid	366	0.02653727689835788	Andi	387	0.03323822791289695
724	Dutton	365	0.026464770677324112	Coraline	387	0.03323822791289695
725	Skyler	365	0.026464770677324112	Hana	387	0.03323822791289695
726	Tomas	365	0.026464770677324112	Kiana	387	0.03323822791289695
727	Wylder	365	0.026464770677324112	Madilynn	386	0.033152341019065175
728	Darius	364	0.02639226445629035	Monica	386	0.033152341019065175
729	Crue	363	0.026319758235256587	Charley	385	0.033066454125233395
730	Jakai	362	0.02624725201422282	Dior	384	0.03298056723140162
731	Zayd	361	0.026174745793189055	Arlette	383	0.03289468033756985
732	Gage	358	0.02595722713008776	Lara	383	0.03289468033756985
733	Riggs	358	0.02595722713008776	Whitley	383	0.03289468033756985
734	Wayne	358	0.02595722713008776	Love	382	0.03280879344373808
735	Jiraiya	357	0.025884720909053995	Zaniyah	382	0.03280879344373808
736	Junior	356	0.025812214688020235	Inaya	381	0.0327229065499063
737	Aryan	355	0.025739708466986467	Angie	380	0.03263701965607452
738	Carmelo	355	0.025739708466986467	Elodie	380	0.03263701965607452
739	Conner	355	0.025739708466986467	Nola	379	0.032551132762242745
740	Alberto	354	0.025667202245952703	Rivka	378	0.03246524586841097
741	Alfredo	354	0.025667202245952703	Kendra	377	0.0323793589745792
742	Loyal	354	0.025667202245952703	Marilyn	377	0.0323793589745792
743	Douglas	353	0.025594696024918935	Aleah	376	0.032293472080747426
744	Vincenzo	352	0.025522189803885174	Emerald	376	0.032293472080747426
745	Aron	348	0.025232164919750118	Persephone	376	0.032293472080747426
746	Casen	348	0.025232164919750118	Addilyn	375	0.03220758518691565
747	Forest	348	0.025232164919750118	Amayah	375	0.03220758518691565
748	Avi	347	0.02515965869871635	Bridget	375	0.03220758518691565
749	Bellamy	347	0.02515965869871635	Giana	375	0.03220758518691565
750	Emery	347	0.02515965869871635	Johanna	374	0.03212169829308387
751	Bridger	346	0.025087152477682582	Kenna	373	0.032035811399252094
752	Brock	346	0.025087152477682582	Milana	373	0.032035811399252094
753	Misael	346	0.025087152477682582	Baylor	372	0.03194992450542032
754	Lennon	344	0.024942140035615058	Brynleigh	372	0.03194992450542032
755	Zahir	344	0.024942140035615058	Kensley	372	0.03194992450542032
756	Boden	343	0.02486963381458129	Zaria	371	0.03186403761158855
757	Derrick	342	0.024797127593547526	Ellis	370	0.031778150717756776
758	Dilan	342	0.024797127593547526	Aviana	369	0.031692263823924996
759	Roger	342	0.024797127593547526	Lacey	369	0.031692263823924996
760	Marcel	341	0.024724621372513765	Leilany	369	0.031692263823924996
761	Rayden	341	0.024724621372513765	Drew	368	0.03160637693009322
762	Jefferson	339	0.024579608930446233	Ezra	368	0.03160637693009322
763	Alvin	336	0.02436209026734494	Lenora	368	0.03160637693009322
764	Kaiser	335	0.024289584046311173	Loretta	368	0.03160637693009322
765	Blaze	334	0.02421707782527741	Adley	367	0.03152049003626144
766	Dillon	334	0.02421707782527741	Novalee	367	0.03152049003626144
767	Magnus	334	0.02421707782527741	Aila	365	0.0313487162485979
768	Quentin	334	0.02421707782527741	Karina	365	0.0313487162485979
769	Ray	333	0.024144571604243645	Adhara	364	0.031262829354766125
770	Dakari	332	0.02407206538320988	Georgina	364	0.031262829354766125
771	Lachlan	332	0.02407206538320988	Emmie	363	0.031176942460934345
772	Ty	331	0.023999559162176113	Theodora	363	0.031176942460934345
773	Abdullah	330	0.02392705294114235	Kelly	362	0.03109105556710257
774	Chris	329	0.023854546720108585	Kylee	362	0.03109105556710257
775	Orlando	329	0.023854546720108585	Lottie	362	0.03109105556710257
776	Yael	328	0.02378204049907482	Malaysia	362	0.03109105556710257
777	Gian	327	0.023709534278041056	Paulina	362	0.03109105556710257
778	Benicio	326	0.023637028057007292	Lakelynn	361	0.031005168673270796
779	Franco	323	0.023419509393906	Dani	360	0.030919281779439024
780	Evander	322	0.023347003172872232	Denver	360	0.030919281779439024
781	Flynn	322	0.023347003172872232	Dulce	360	0.030919281779439024
782	Harry	322	0.023347003172872232	Jamie	358	0.030747507991775468
783	Robin	322	0.023347003172872232	Sky	358	0.030747507991775468
784	Sevyn	321	0.023274496951838468	Carly	357	0.030661621097943695
785	Hugh	320	0.023201990730804704	Kinslee	357	0.030661621097943695
786	Aries	319	0.02312948450977094	Marisol	357	0.030661621097943695
787	Cason	319	0.02312948450977094	Henley	355	0.030489847310280146
788	Idris	319	0.02312948450977094	Jayleen	355	0.030489847310280146
789	Ambrose	318	0.023056978288737172	Jream	355	0.030489847310280146
790	Issac	318	0.023056978288737172	Cheyenne	354	0.030403960416448373
791	Yehuda	318	0.023056978288737172	Maisy	354	0.030403960416448373
792	Brycen	316	0.022911965846669644	Noor	354	0.030403960416448373
793	Cayson	316	0.022911965846669644	Robin	354	0.030403960416448373
794	Rey	314	0.022766953404602115	Savanna	354	0.030403960416448373
795	Santos	314	0.022766953404602115	Ramona	352	0.030232186628784817
796	Ben	311	0.022549434741500823	Aileen	351	0.030146299734953044
797	Nelson	310	0.022476928520467055	Kaiya	351	0.030146299734953044
798	Wes	310	0.022476928520467055	Emberlynn	350	0.03006041284112127
799	Westyn	310	0.022476928520467055	Jessie	350	0.03006041284112127
800	Khaza	308	0.022331916078399527	Zayla	350	0.03006041284112127
801	Bjorn	306	0.022186903636331995	Lea	349	0.029974525947289495
802	Kiaan	306	0.022186903636331995	Samira	349	0.029974525947289495
803	Seven	306	0.022186903636331995	Araceli	348	0.029888639053457722
804	Watson	305	0.022114397415298234	Azaria	346	0.02971686526579417
805	Gatlin	303	0.021969384973230702	Pearl	345	0.029630978371962394
806	Izael	303	0.021969384973230702	Elyse	344	0.02954509147813062
807	Stanley	303	0.021969384973230702	Hunter	344	0.02954509147813062
808	Allan	302	0.021896878752196938	Kori	344	0.02954509147813062
809	Jahmir	302	0.021896878752196938	Louisa	344	0.02954509147813062
810	Landen	302	0.021896878752196938	Kamari	343	0.029459204584298848
811	Neil	302	0.021896878752196938	Nyomi	343	0.029459204584298848
812	Quinton	301	0.021824372531163174	Skyla	343	0.029459204584298848
813	Chozen	300	0.02175186631012941	Treasure	343	0.029459204584298848
814	Noe	300	0.02175186631012941	Alexia	340	0.02920154390280352
815	Reuben	300	0.02175186631012941	Gwen	340	0.02920154390280352
816	Damir	299	0.021679360089095646	Alena	338	0.02902977011513997
817	Bear	298	0.02160685386806188	Tallulah	338	0.02902977011513997
818	Jimmy	298	0.02160685386806188	Veda	338	0.02902977011513997
819	Kannon	298	0.02160685386806188	Mikaela	337	0.028943883221308198
820	Lance	298	0.02160685386806188	Kya	336	0.02885799632747642
821	Melvin	298	0.02160685386806188	Scout	336	0.02885799632747642
822	Remi	298	0.02160685386806188	Valery	335	0.02877210943364464
823	Yousef	297	0.021534347647028114	Adele	334	0.02868622253981287
824	Lochlan	296	0.02146184142599435	Livia	334	0.02868622253981287
825	Arian	295	0.021389335204960586	Naya	334	0.02868622253981287
826	Kenji	295	0.021389335204960586	Ocean	332	0.02851444875214932
827	Khari	295	0.021389335204960586	Iliana	331	0.028428561858317547
828	Rohan	295	0.021389335204960586	Bellamy	330	0.028342674964485767
829	Legacy	294	0.02131682898392682	Celia	330	0.028342674964485767
830	Edison	292	0.021171816541859293	Vada	330	0.028342674964485767
831	Emory	292	0.021171816541859293	Zaylee	329	0.028256788070653995
832	Rudy	292	0.021171816541859293	Ashlyn	328	0.028170901176822218
833	Eliel	291	0.021099310320825525	Mercy	328	0.028170901176822218
834	Aden	290	0.02102680409979176	Zendaya	328	0.028170901176822218
835	Byron	290	0.02102680409979176	Berkley	327	0.028085014282990445
836	Dereck	290	0.02102680409979176	Marlowe	327	0.028085014282990445
837	Everest	290	0.02102680409979176	Arely	326	0.02799912738915867
838	Yahir	290	0.02102680409979176	Aspyn	326	0.02799912738915867
839	Guillermo	289	0.020954297878757997	Maddie	326	0.02799912738915867
840	Alec	288	0.020881791657724233	Avani	325	0.027913240495326896
841	Brodie	288	0.020881791657724233	Belen	322	0.027655579813831568
842	Massimo	288	0.020881791657724233	Linda	321	0.027569692919999795
843	Mitchell	288	0.020881791657724233	Luz	321	0.027569692919999795
844	Anders	287	0.020809285436690465	Teresa	320	0.027483806026168022
845	Alonso	286	0.020736779215656705	Meilani	319	0.027397919132336242
846	Jaxxon	286	0.020736779215656705	Nala	317	0.027226145344672693
847	Tony	286	0.020736779215656705	Malaya	315	0.027054371557009144
848	Jireh	284	0.020591766773589173	Amiri	314	0.02696848466317737
849	Kingsley	284	0.020591766773589173	Anais	314	0.02696848466317737
850	Jerry	283	0.020519260552555412	Lisa	313	0.026882597769345592
851	Ayan	282	0.020446754331521644	Ivey	312	0.026796710875513816
852	Brayan	282	0.020446754331521644	Katelyn	312	0.026796710875513816
853	Ramon	282	0.020446754331521644	Dania	311	0.026710823981682043
854	Jagger	281	0.02037424811048788	Zoya	311	0.026710823981682043
855	Elisha	280	0.020301741889454116	Ailany	310	0.02662493708785027
856	Vihaan	280	0.020301741889454116	Artemis	310	0.02662493708785027
857	Teo	279	0.020229235668420352	Rayne	310	0.02662493708785027
858	Eddie	278	0.020156729447386584	Brittany	309	0.026539050194018494
859	Judson	278	0.020156729447386584	Cielo	309	0.026539050194018494
860	Leif	278	0.020156729447386584	Janiyah	309	0.026539050194018494
861	Trenton	278	0.020156729447386584	Kallie	309	0.026539050194018494
862	Grey	275	0.019939210784285292	Yasmin	309	0.026539050194018494
863	Joziah	275	0.019939210784285292	Zora	309	0.026539050194018494
864	Felipe	273	0.019794198342217764	Aliya	308	0.026453163300186714
865	Jesiah	273	0.019794198342217764	Billie	308	0.026453163300186714
866	Zyon	273	0.019794198342217764	Elia	308	0.026453163300186714
867	Kyaire	272	0.019721692121183996	Khalani	308	0.026453163300186714
868	Ernesto	271	0.01964918590015023	Rosalina	308	0.026453163300186714
869	Ishaan	270	0.019576679679116468	Zhuri	308	0.026453163300186714
870	Matheo	269	0.019504173458082703	Ainara	307	0.02636727640635494
871	Ricky	269	0.019504173458082703	Alitzel	307	0.02636727640635494
872	Fisher	268	0.01943166723704894	Stormi	307	0.02636727640635494
873	Keaton	268	0.01943166723704894	Cynthia	306	0.02628138951252317
874	Kylen	267	0.019359161016015175	Elina	306	0.02628138951252317
875	Marcellus	267	0.019359161016015175	Lilianna	306	0.02628138951252317
876	Izan	266	0.019286654794981407	Zainab	306	0.02628138951252317
877	Leroy	266	0.019286654794981407	Barbara	305	0.026195502618691392
878	Jedidiah	265	0.019214148573947643	Ensley	305	0.026195502618691392
879	Ignacio	264	0.01914164235291388	Miller	305	0.026195502618691392
880	Ira	264	0.01914164235291388	Waverly	305	0.026195502618691392
881	Zev	264	0.01914164235291388	Winona	305	0.026195502618691392
882	Mustafa	263	0.019069136131880115	Jaycee	304	0.02610961572485962
883	Yahya	263	0.019069136131880115	Andie	303	0.026023728831027847
884	Aurelio	261	0.018924123689812587	Kimber	303	0.026023728831027847
885	Brendan	261	0.018924123689812587	Marianna	303	0.026023728831027847
886	Calum	261	0.018924123689812587	Keyla	302	0.025937841937196067
887	Jericho	261	0.018924123689812587	Baylee	301	0.02585195504336429
888	Nixon	261	0.018924123689812587	Emryn	301	0.02585195504336429
889	Demetrius	260	0.018851617468778822	Giuliana	301	0.02585195504336429
890	Eiden	260	0.018851617468778822	Karter	301	0.02585195504336429
891	Rocky	260	0.018851617468778822	Liberty	301	0.02585195504336429
892	Langston	259	0.018779111247745055	Sol	301	0.02585195504336429
893	Jovanni	258	0.018706605026711294	Amelie	300	0.025766068149532518
894	Mathew	258	0.018706605026711294	Hadlee	299	0.02568018125570074
895	Landyn	257	0.018634098805677526	Harmoni	297	0.02550840746803719
896	Murphy	257	0.018634098805677526	Tiffany	297	0.02550840746803719
897	Axl	256	0.018561592584643762	Chandler	296	0.025422520574205416
898	Dane	256	0.018561592584643762	Elliot	296	0.025422520574205416
899	Jrue	256	0.018561592584643762	Lilyana	295	0.02533663368037364
900	Justice	256	0.018561592584643762	Nori	295	0.02533663368037364
901	Kellan	256	0.018561592584643762	Salma	295	0.02533663368037364
902	Semaj	256	0.018561592584643762	Dalia	294	0.025250746786541867
903	Thaddeus	256	0.018561592584643762	Judith	294	0.025250746786541867
904	Curtis	255	0.018489086363609998	Madalyn	294	0.025250746786541867
905	Dash	255	0.018489086363609998	Raquel	294	0.025250746786541867
906	Zavier	255	0.018489086363609998	Jolie	293	0.025164859892710095
907	Devon	254	0.018416580142576234	Keily	293	0.025164859892710095
908	Joe	254	0.018416580142576234	Magdalena	293	0.025164859892710095
909	Joey	253	0.018344073921542466	Yamileth	292	0.02507897299887832
910	Jon	253	0.018344073921542466	Bria	291	0.02499308610504654
911	Harlem	252	0.018271567700508706	Amaris	290	0.024907199211214766
912	Jairo	252	0.018271567700508706	Harlee	290	0.024907199211214766
913	Ryatt	252	0.018271567700508706	August	289	0.024821312317382993
914	Salvatore	252	0.018271567700508706	Ayleen	289	0.024821312317382993
915	Van	252	0.018271567700508706	Kimora	289	0.024821312317382993
916	Zechariah	251	0.018199061479474938	Braelyn	288	0.024735425423551217
917	Coleson	250	0.018126555258441174	Kamiyah	288	0.024735425423551217
918	Eugene	250	0.018126555258441174	Indy	286	0.024563651635887668
919	Kellen	250	0.018126555258441174	Princess	286	0.024563651635887668
920	Alistair	249	0.01805404903740741	Ruthie	286	0.024563651635887668
921	Colten	249	0.01805404903740741	Ashlynn	285	0.02447776474205589
922	Jabari	249	0.01805404903740741	Jazmine	285	0.02447776474205589
923	Lucien	249	0.01805404903740741	Laylani	285	0.02447776474205589
924	Castiel	248	0.017981542816373645	Marleigh	285	0.02447776474205589
925	Cain	247	0.017909036595339878	Raina	285	0.02447776474205589
926	Harold	246	0.017836530374306117	Roselyn	285	0.02447776474205589
927	Alfred	245	0.01776402415327235	Simone	285	0.02447776474205589
928	Benedict	245	0.01776402415327235	Anika	284	0.024391877848224115
929	Shmuel	244	0.017691517932238585	Lakelyn	284	0.024391877848224115
930	Duncan	243	0.01761901171120482	Luella	284	0.024391877848224115
931	Ermias	243	0.01761901171120482	Nataly	284	0.024391877848224115
932	Yadiel	242	0.017546505490171057	Giovanna	283	0.024305990954392342
933	Imran	241	0.017473999269137293	Greta	283	0.024305990954392342
934	Kaisen	241	0.017473999269137293	Solana	283	0.024305990954392342
935	Zen	241	0.017473999269137293	Bailee	282	0.024220104060560566
936	Eren	240	0.01740149304810353	Joelle	282	0.024220104060560566
937	Kolson	240	0.01740149304810353	Kara	282	0.024220104060560566
938	Kye	240	0.01740149304810353	Etta	281	0.02413421716672879
939	Jasiel	239	0.017328986827069764	Julissa	281	0.02413421716672879
940	Kyren	239	0.017328986827069764	Kai	280	0.024048330272897017
941	Marlon	239	0.017328986827069764	Avayah	279	0.02396244337906524
942	Palmer	239	0.017328986827069764	Nancy	279	0.02396244337906524
943	Adler	238	0.017256480606035997	Alianna	278	0.023876556485233465
944	Aldo	238	0.017256480606035997	Ayra	278	0.023876556485233465
945	Meir	238	0.017256480606035997	Sarahi	277	0.023790669591401692
946	Osiris	238	0.017256480606035997	Eleanora	276	0.023704782697569916
947	Ameer	237	0.017183974385002233	Kenia	276	0.023704782697569916
948	Kartier	237	0.017183974385002233	Emmeline	275	0.02361889580373814
949	Wesson	237	0.017183974385002233	Luisa	275	0.02361889580373814
950	Ahmir	236	0.01711146816396847	Xyla	275	0.02361889580373814
951	Mordechai	236	0.01711146816396847	Cadence	274	0.023533008909906367
952	Nova	236	0.01711146816396847	Reya	273	0.02344712201607459
953	Randy	236	0.01711146816396847	Blessing	272	0.023361235122242818
954	Shepard	236	0.01711146816396847	Elouise	272	0.023361235122242818
955	Talon	236	0.01711146816396847	Emiliana	272	0.023361235122242818
956	Vance	236	0.01711146816396847	Annika	270	0.023189461334579265
957	Asaiah	235	0.017038961942934704	Lilia	270	0.023189461334579265
958	Boaz	234	0.01696645572190094	Mazie	270	0.023189461334579265
959	Kenai	234	0.01696645572190094	Saoirse	270	0.023189461334579265
960	Jones	233	0.016893949500867176	Aura	269	0.023103574440747492
961	Carl	232	0.01682144327983341	Aleyna	268	0.023017687546915716
962	Stefan	232	0.01682144327983341	Kassidy	268	0.023017687546915716
963	Deandre	231	0.016748937058799644	Carla	267	0.02293180065308394
964	Kelvin	231	0.016748937058799644	Indigo	267	0.02293180065308394
965	Leighton	231	0.016748937058799644	Saanvi	267	0.02293180065308394
966	Yaakov	231	0.016748937058799644	Tru	267	0.02293180065308394
967	Foster	230	0.01667643083776588	Winifred	267	0.02293180065308394
968	Rishi	228	0.016531418395698348	Layne	265	0.02276002686542039
969	Yisroel	228	0.016531418395698348	Malayah	265	0.02276002686542039
970	Darwin	227	0.016458912174664588	Dana	264	0.022674139971588615
971	Neo	226	0.01638640595363082	Deborah	264	0.022674139971588615
972	Titan	226	0.01638640595363082	Hayley	264	0.022674139971588615
973	Maurice	225	0.016313899732597056	Sapphire	264	0.022674139971588615
974	Mccoy	225	0.016313899732597056	Seraphina	264	0.022674139971588615
975	Alfonso	224	0.01624139351156329	Kahlani	263	0.022588253077756842
976	Henrik	224	0.01624139351156329	Nyra	263	0.022588253077756842
977	Jeremias	224	0.01624139351156329	Quincy	263	0.022588253077756842
978	Kole	224	0.01624139351156329	Soleil	263	0.022588253077756842
979	Mael	224	0.01624139351156329	Allyson	262	0.022502366183925065
980	True	224	0.01624139351156329	Paloma	262	0.022502366183925065
981	Veer	224	0.01624139351156329	Whitney	262	0.022502366183925065
982	Jadiel	223	0.016168887290529527	Laylah	261	0.02241647929009329
983	Karsyn	223	0.016168887290529527	Violette	260	0.022330592396261516
984	Mekhi	223	0.016168887290529527	Kairi	259	0.02224470550242974
985	Atharv	222	0.016096381069495763	Leanna	259	0.02224470550242974
986	Darren	222	0.016096381069495763	Natasha	259	0.02224470550242974
987	Eliezer	222	0.016096381069495763	Ainhoa	258	0.022158818608597964
988	Gordon	222	0.016096381069495763	Alaiya	258	0.022158818608597964
989	Mikael	222	0.016096381069495763	Esperanza	258	0.022158818608597964
990	Stone	222	0.016096381069495763	Amyra	257	0.02207293171476619
991	Wren	222	0.016096381069495763	Clare	257	0.02207293171476619
992	Ephraim	221	0.016023874848462	Neriah	257	0.02207293171476619
993	Osman	221	0.016023874848462	Araya	256	0.021987044820934415
994	Ulises	221	0.016023874848462	Aadhya	255	0.021901157927102642
995	Kody	220	0.015951368627428235	Elisabeth	255	0.021901157927102642
996	Thatcher	220	0.015951368627428235	Sariah	255	0.021901157927102642
997	Abner	219	0.015878862406394467	Shay	255	0.021901157927102642
998	Cullen	219	0.015878862406394467	Angelique	254	0.021815271033270862
999	Damari	219	0.015878862406394467	Ayah	254	0.021815271033270862
1000	Hollis	219	0.015878862406394467	Aylani	254	0.021815271033270862
